cam_model: Pinhole
cam_width: 640
cam_height: 480
cam_fx: 6.1135743739301188e+02
cam_fy: 6.1255139871389520e+02
cam_cx: 2.8548353766314676e+02
cam_cy: 2.3150623527106387e+02
cam_d0: 1.1087478317510277e-01
cam_d1: -7.2703009306963495e-02
cam_d2: -1.6396839137094743e-03
cam_d3: -1.2823757223349488e-02